220.975,107.305
222.298,108.9565
221.88400000000001,109.3885
223.648,109.31649999999999
222.6715,109.55950000000001
221.353,108.24549999999999
220.1695,107.314
220.93449999999999,107.76400000000001
220.6645,107.4445
220.12,106.37799999999999
220.966,106.4185
220.1155,106.37799999999999
220.0885,105.6265
219.7465,105.2305
219.0895,104.87950000000001
219.46750000000003,104.587
218.1715,105.81549999999999
219.78249999999997,106.83699999999999
218.87349999999998,106.55349999999999
219.391,107.25999999999999
218.50449999999998,105.4645
218.707,105.1495
218.941,106.09450000000001
219.76899999999998,106.81900000000002
220.8355,108.96100000000001
225.14649999999997,109.213
231.62650000000002,99.0925
231.79749999999999,98.4445
231.9775,99.74950000000001
230.137,99.4345
229.70049999999998,98.9215
230.092,99.8485
230.79399999999998,99.2635
230.407,98.7055
231.07750000000001,99.80799999999999
233.2195,100.1185
232.5445,98.86749999999999
231.17200000000003,98.57499999999999
233.548,100.7485
232.4005,98.35
232.9855,101.69800000000001
231.964,102.82300000000001
234.29499999999996,102.031
232.882,104.497
234.2095,103.7185
235.519,104.2135
230.61849999999998,101.4505
231.4915,101.30199999999999
225.70000000000002,104.52850000000001
228.12550000000002,100.26249999999999
230.3845,100.753
231.06400000000002,100.5865
231.451,100.5235
220.0255,80.82249999999999
224.60649999999998,74.338
224.0485,72.8305
223.0,70.1395
225.034,79.77850000000001
219.31,82.7305
222.307,80.134
209.3695,85.91650000000001
219.3325,75.1525
227.32,78.595
210.679,81.36699999999999
225.5695,76.6825
219.93550000000002,78.9145
209.572,83.815
211.90749999999997,84.193
224.18349999999998,78.334
222.4735,78.631
227.3245,73.042
225.87099999999998,73.681
229.24599999999998,77.09649999999999
229.8715,70.918
231.91899999999998,82.93299999999999
234.29499999999996,82.555
233.53449999999998,80.74600000000001
226.93300000000002,76.444
235.2265,84.31
221.6635,71.1835
207.6415,88.36
130.5025,269.5885
123.856,250.6255
140.2045,264.44050000000004
70.0,216.76299999999998
170.29149999999998,168.9055
172.096,171.08350000000002
277.0135,109.4425
278.28700000000003,110.5315
235.8295,109.31200000000001
237.1615,108.15549999999999
235.6495,106.405
233.827,111.571
233.7595,110.15800000000002
236.61249999999995,110.689
236.1085,112.9615
237.32799999999997,112.327
238.59250000000003,113.01999999999998
239.71750000000003,114.0685
237.53949999999998,111.05349999999999
237.8635,111.6385
158.506,265.56550000000004
227.986,117.66399999999999
198.016,133.1575
197.62449999999998,132.77050000000003
198.95649999999998,129.6745
141.199,207.088
181.3075,149.911
183.85,147.823
215.593,83.38300000000001
196.29700000000003,174.517
171.907,115.495
253.204,99.42099999999999
253.12300000000005,99.214
253.14549999999997,99.304
253.66750000000002,100.051
254.55849999999998,99.8125
254.2975,100.33
255.44050000000004,100.636
256.597,100.77099999999999
252.02049999999997,100.168
255.18399999999997,101.7205
255.6565,102.8725
255.70600000000002,102.0985
256.2235,102.2965
256.138,102.526
256.29999999999995,102.9355
256.363,103.156
256.7185,102.56649999999999
257.398,102.4495
258.019,103.53399999999999
258.13599999999997,103.8175
257.9155,102.5035
257.6635,102.0265
258.3835,102.58449999999999
260.50300000000004,102.58449999999999
258.3205,101.7205
259.3555,103.786
261.72249999999997,104.6365
254.45049999999998,102.3415
253.60900000000004,101.2255
252.61,100.6585
253.663,102.193
252.88,101.22999999999999
252.75850000000003,101.6395
257.40250000000003,103.156
218.8555,70.0
89.485,217.8115
92.401,218.49550000000002
187.6255,96.8065
188.917,95.9515
187.972,94.84
186.46,98.152
174.364,198.7945
174.2785,199.0375
166.5745,182.8285
175.1335,191.6305
166.714,191.5405
147.328,150.982
134.5345,183.7555
135.727,183.8365
137.1805,186.5005
133.51749999999998,188.278
259.6885,87.6715
130.309,165.26500000000001
130.8985,164.6935
277.7875,106.8235
223.87300000000002,70.0
123.78399999999999,182.9185
125.899,186.7345
124.5625,183.562
76.5115,206.773
89.269,245.7835
86.7355,240.9595
79.855,200.455
84.7645,199.1455
82.0195,199.31199999999998
76.9255,202.23700000000002
70.0,237.526
71.422,239.632
90.8665,232.44549999999998
88.018,230.344
161.098,127.63149999999999
158.6275,126.71350000000001
196.1485,72.81700000000001
70.0,210.4855
70.0,213.6715
70.0,211.8265
168.892,112.642
167.6815,148.183
128.3785,169.12599999999998
127.60000000000002,171.5515
278.45349999999996,107.18350000000001
183.79149999999998,130.147
165.4495,124.18
168.334,121.59700000000001
177.802,126.91149999999999
183.6475,125.29149999999998
181.024,122.434
178.126,129.76
245.32,110.275
187.3915,81.4435
187.6615,80.494
189.3445,79.09
276.3115,114.65350000000001
274.65549999999996,113.54649999999998
195.7615,120.868
221.6005,88.873
291.841,121.786
279.9835,113.245
280.276,113.398
284.0695,115.9135
287.7505,119.82400000000001
284.029,116.971
284.659,117.844
288.331,119.09050000000002
288.1645,118.08249999999998
285.2125,115.71550000000002
193.9975,162.988
70.0,218.38299999999998
121.35399999999998,244.8745
124.25200000000001,248.4475
227.068,97.792
226.7215,97.92699999999999
225.61450000000002,98.10249999999999
248.93349999999998,94.876
308.644,136.555
249.163,113.48349999999999
194.5555,159.3025
195.577,160.207
111.02199999999999,187.432
114.50049999999999,183.40900000000002
115.07650000000001,185.137
114.94150000000002,186.7165
105.72550000000001,194.1595
107.584,189.9205
110.374,190.951
113.01999999999998,189.088
110.38749999999999,189.85750000000002
109.969,192.9625
105.59050000000002,186.028
110.4685,183.4675
105.8425,195.955
114.14499999999998,192.31449999999998
123.31150000000002,191.4325
122.50150000000002,193.417
124.531,188.2015
120.4495,187.4995
123.34299999999999,187.495
112.14699999999999,189.08350000000002
102.45400000000001,187.648
103.525,186.8785
102.62950000000001,186.388
102.256,188.2645
119.45499999999998,191.6305
118.86099999999999,192.92200000000003
117.97,195.35649999999998
127.45150000000001,189.412
128.9635,189.6775
130.1695,192.4945
122.245,189.1285
123.316,189.808
123.00549999999998,188.7145
120.84550000000002,190.1095
119.03200000000001,186.721
118.31200000000001,191.086
116.566,193.0975
114.04599999999999,194.0515
110.2345,197.7865
112.75450000000001,191.0455
120.553,194.929
108.83500000000001,191.59
107.305,191.743
119.7655,193.4125
123.32049999999998,189.1735
123.77050000000003,188.6515
200.87800000000001,71.386
268.71999999999997,97.8145
268.32849999999996,105.0595
259.387,103.003
117.62799999999999,183.1795
240.829,100.19500000000001
267.361,97.414
131.767,260.368
252.4255,99.7135
250.495,86.9065
110.01400000000001,163.5325
112.97500000000002,162.511
116.719,159.55
109.4785,165.6115
115.32400000000001,157.8445
111.23349999999999,160.927
109.28049999999999,163.159
110.293,162.2005
109.519,159.181
113.72649999999999,155.239
120.22899999999998,156.1345
120.29199999999997,154.2895
121.7635,151.3105
88.4545,180.916
77.533,191.6485
269.5435,97.549
222.2575,127.447
228.6655,114.685
231.48700000000002,115.8415
230.3125,116.94400000000002
230.50150000000002,116.23750000000001
228.81400000000002,116.25549999999998
229.74099999999999,113.23149999999998
232.62550000000002,116.90800000000002
86.9605,190.987
85.63749999999999,193.10649999999998
127.9015,174.0265
281.8465,114.6985
107.1565,182.0635
191.347,126.62799999999999
188.8135,124.108
266.99649999999997,97.7965
206.08,75.9445
99.1825,186.8425
160.1755,126.97899999999998
167.362,121.8355
167.92000000000002,119.1805
172.7305,118.5865
166.45749999999998,125.7055
174.42249999999999,118.85649999999998
171.97,121.048
168.676,118.3435
163.744,134.55700000000002
164.5315,127.672
160.828,140.1145
162.82150000000001,135.0745
165.5485,132.595
164.4955,133.513
173.29749999999999,125.863
161.881,124.612
165.6565,122.785
169.3015,122.37549999999999
170.2105,119.779
167.18650000000002,123.85149999999999
161.35449999999997,138.472
159.56799999999998,126.4975
163.285,137.9725
160.702,136.20850000000002
253.2985,104.6365
100.6945,218.29749999999999
105.5095,228.193
100.5685,230.51049999999998
94.318,232.8055
99.358,236.2255
98.467,233.2645
86.21799999999999,227.9725
86.11,226.7215
105.037,237.88150000000002
87.424,209.68449999999999
91.7845,224.9215
85.72749999999999,229.327
86.44749999999999,220.84
270.62800000000004,106.918
268.96750000000003,105.19
267.1315,102.9085
268.74699999999996,104.614
269.269,105.05499999999999
270.4165,105.5995
271.159,106.67949999999999
268.081,103.201
269.4625,104.209
270.5065,104.76249999999999
277.855,111.26050000000001
279.8665,112.83100000000002
278.42650000000003,109.8115
276.69849999999997,109.7125
274.62850000000003,109.37049999999999
272.374,105.41499999999999
271.6405,105.127
273.3325,107.7595
282.36400000000003,113.263
276.3565,109.744
224.50300000000001,80.251
235.132,101.77000000000001
237.841,101.626
235.78000000000003,101.806
243.1825,106.7245
245.97249999999997,111.15700000000001
237.5575,106.18450000000001
238.957,101.14
240.757,103.24600000000001
241.71550000000002,102.886
240.10900000000004,103.2865
240.41949999999997,102.58
240.63549999999998,104.31700000000001
243.51999999999998,104.2225
244.2355,104.4745
244.92849999999999,104.5645
242.1205,101.49549999999999
243.0115,103.2415
249.649,108.34450000000001
248.74,106.279
252.277,110.22999999999999
249.829,109.04649999999998
249.784,107.58850000000001
248.83000000000004,107.2105
248.101,106.77850000000001
248.56449999999995,108.18700000000001
242.79999999999995,111.346
241.738,110.20750000000001
256.75,101.14
260.305,96.0865
260.953,97.837
267.5095,105.1495
266.29449999999997,103.30449999999999
267.1405,104.713
258.03249999999997,99.87100000000001
260.59299999999996,102.112
262.3345,97.1575
256.9255,93.526
257.85699999999997,98.5975
260.2105,98.9305
261.9925,100.84299999999999
262.0195,101.38300000000001
264.66999999999996,103.696
262.906,102.33250000000001
265.435,103.174
265.02549999999997,103.5205
265.138,103.8355
265.41700000000003,104.11449999999999
261.13750000000005,98.6155
262.1005,99.7405
263.90500000000003,102.7285
265.255,101.5675
262.6585,101.014
264.2065,98.989
70.0,230.19549999999998
70.0,229.00300000000001
171.7,110.38300000000001
163.7395,118.69900000000001
165.8365,118.231
160.7785,122.46549999999999
175.6645,99.97
159.3655,110.30199999999999
165.14350000000002,103.2145
182.5855,91.4965
176.911,101.10849999999999
156.931,120.7825
158.4025,118.47399999999999
163.39749999999998,115.44999999999999
161.6515,115.126
168.0685,108.83500000000001
178.558,92.761
177.27100000000002,98.69200000000001
158.938,121.07049999999998
154.393,123.90100000000001
156.2605,124.69749999999999
113.65899999999999,188.44
213.07299999999998,107.81799999999998
211.58350000000002,107.125
216.2815,105.793
214.81,104.4565
213.658,107.368
215.458,106.09450000000001
215.0935,106.23849999999999
208.744,109.01499999999999
207.2095,114.316
203.30349999999999,114.388
207.772,113.6815
206.13400000000001,112.01650000000001
199.6495,115.882
197.7595,118.77550000000002
199.699,120.18849999999998
198.50650000000002,118.249
196.702,118.168
192.3865,120.77350000000001
201.697,101.6035
197.053,100.051
198.82150000000001,107.3725
200.4055,104.42500000000001
205.2295,102.607
203.641,98.6425
199.2445,94.7815
191.095,112.55199999999999
197.35,117.1825
159.3655,149.974
158.596,151.99900000000002
158.4205,154.71699999999998
162.421,156.2425
163.8655,153.457
158.722,155.93650000000002
161.0755,156.2695
150.09550000000002,164.194
150.946,167.362
171.04749999999999,153.2995
169.846,156.6925
171.9925,162.466
170.8675,159.298
167.119,159.21249999999998
155.82850000000002,154.474
170.3365,122.95150000000001
187.882,178.558
187.6615,179.7235
189.736,177.8785
196.351,185.839
193.80849999999998,188.32750000000001
193.5295,183.91750000000002
191.9005,178.1845
186.35649999999998,176.4385
184.23250000000002,174.724
193.471,167.1685
186.3745,177.055
184.516,173.779
191.1355,165.1975
195.83350000000002,172.9375
191.76549999999997,173.6755
193.5745,185.128
195.73,189.1735
195.2215,187.468
197.9485,189.0295
192.643,182.9455
193.63299999999998,180.043
196.41850000000002,164.338
181.8475,173.185
195.784,178.315
185.1865,177.7345
191.68449999999999,162.9835
190.969,184.543
188.5705,181.77100000000002
182.58100000000002,175.759
196.3555,175.9255
191.671,179.5705
273.2605,106.48149999999998
241.89549999999997,105.4825
247.30899999999997,92.626
245.7835,92.3785
247.59699999999998,93.247
247.09749999999997,93.382
248.04250000000002,95.7265
247.264,95.2315
247.76350000000002,97.108
247.26850000000002,95.76249999999999
248.15500000000003,94.36749999999999
246.63400000000001,93.60249999999999
246.0895,93.715
249.03700000000003,95.28999999999999
248.4115,95.128
247.86700000000002,94.9345
247.31349999999998,93.79599999999999
246.21550000000002,94.25049999999999
246.5935,94.336
249.262,95.362
248.78499999999997,95.209
249.784,97.1935
249.829,97.297
249.89649999999995,97.432
250.108,97.3015
250.48149999999998,98.152
250.29250000000002,97.67949999999999
250.207,98.06200000000001
250.02250000000004,97.62549999999999
249.31600000000003,96.1135
249.5365,96.109
249.59950000000003,96.2485
249.80650000000003,96.703
249.901,96.90549999999999
249.685,96.43299999999999
249.406,96.316
249.82,96.469
248.77149999999995,96.09100000000001
248.78499999999997,96.1045
248.78049999999996,96.0955
248.78049999999996,96.1
248.78049999999996,96.1045
248.78949999999998,96.109
249.74349999999998,97.684
249.31150000000002,97.612
249.54100000000005,97.639
249.34299999999996,97.2655
249.4645,97.1305
249.55450000000002,97.324
249.0505,97.081
248.83000000000004,96.613
249.00099999999998,96.64
248.1685,96.91
248.64999999999998,97.2655
249.56349999999998,97.756
249.28449999999998,96.694
249.14499999999998,96.667
248.245,96.154
271.348,108.0925
159.127,119.815
162.22750000000002,118.1995
173.59,103.498
165.94,118.1635
152.071,130.363
260.5435,118.27600000000001
266.488,100.3615
211.849,88.3375
190.285,82.4785
190.8745,83.923
190.57750000000001,83.122
192.4495,81.187
186.6805,165.22899999999998
253.03750000000002,99.898
115.684,172.9105
112.5745,173.5405
111.0805,176.011
115.99450000000002,168.77949999999998
254.39649999999995,101.59
207.89350000000002,108.727
171.232,107.76850000000002
170.00799999999998,109.564
173.221,106.42750000000001
171.68650000000002,108.92500000000001
255.66999999999996,86.33500000000001
254.086,84.5035
124.71549999999999,155.878
128.0365,154.2895
158.236,155.608
257.389,92.41
257.6185,93.17949999999999
259.1755,93.814
258.478,93.3505
256.93,91.4425
256.7545,90.709
257.992,91.5505
258.3025,92.3515
258.991,92.8195
256.0345,90.22749999999999
259.45899999999995,92.599
260.8045,93.40899999999999
259.31050000000005,92.99950000000001
258.928,91.8295
126.34450000000001,227.54950000000002
128.61700000000002,141.055
127.96449999999999,143.4445
177.7795,188.1745
178.8235,192.3775
70.0,218.2795
124.26999999999998,166.31799999999998
87.8065,195.028
91.2985,195.7705
202.4035,70.0
198.268,72.0565
198.4885,72.3535
195.9145,72.61
201.67450000000002,70.0
204.80200000000002,70.0
195.145,72.9385
196.603,71.4085
202.039,70.0
201.994,70.0
206.3725,70.0
208.43349999999998,70.0
207.466,70.0
200.89600000000002,70.0
205.333,70.0
210.5575,70.0
210.8725,70.0
191.347,76.948
196.2295,71.8
201.895,128.8825
191.1355,129.382
178.432,173.62599999999998
177.991,174.95800000000003
188.31400000000002,175.237
112.4305,180.9295
78.424,245.87349999999998
74.446,242.9665
77.2,246.11200000000002
228.0355,109.24450000000002
228.45850000000002,109.20849999999999
227.1175,109.969
226.348,110.995
228.031,110.095
229.48450000000003,109.87
228.796,109.19049999999999
234.44349999999997,117.34450000000001
235.0555,115.04050000000001
234.11950000000002,114.83350000000002
231.05949999999999,109.375
140.10999999999999,127.87899999999999
271.339,111.75999999999999
75.77799999999999,236.93200000000002
70.0,218.3515
71.9125,217.249
146.032,155.095
151.468,160.531
142.4905,163.6855
143.76850000000002,163.2715
138.715,156.445
140.64550000000003,153.9655
134.683,165.50799999999998
126.33100000000002,169.0405
137.94549999999998,145.888
142.89550000000003,148.66899999999998
142.387,145.87
138.0625,148.9975
140.9065,151.18
142.23399999999998,150.5095
141.1945,147.715
140.227,150.253
138.013,150.1495
132.9955,152.0125
135.637,151.08100000000002
135.9745,150.118
138.0985,166.102
138.7465,158.191
131.09199999999998,166.291
141.48250000000002,149.326
137.76999999999998,152.143
136.87,155.8555
129.913,171.628
134.3095,160.198
141.361,162.8395
141.70749999999998,159.01
146.26600000000002,160.324
146.59,158.371
138.75099999999998,164.20749999999998
137.63049999999998,161.566
129.679,162.745
131.803,161.341
134.6515,152.1655
175.3855,120.23349999999999
76.894,249.56349999999998
77.70400000000001,249.676
80.34100000000001,253.00150000000002
79.738,252.37149999999997
82.708,254.65749999999997
78.1,250.68849999999998
82.1455,254.437
79.58500000000001,251.67849999999999
78.739,251.30949999999996
76.057,247.30899999999997
78.676,250.0765
84.02199999999999,255.04899999999998
70.0,236.80599999999998
80.8135,246.50799999999998
81.8305,244.6135
84.0265,245.2165
87.19,253.51
82.5145,248.911
92.392,260.557
90.061,259.2745
83.6215,250.50850000000003
70.0,236.98149999999998
87.973,258.082
70.0,240.0865
70.0,236.5675
70.0,235.63599999999997
78.3115,242.449
82.114,250.61200000000002
72.88900000000001,243.26350000000002
74.221,241.37349999999998
74.61699999999999,246.5845
77.326,247.6825
130.4035,241.738
132.298,243.7135
195.8515,72.1105
275.659,112.606
273.517,110.4865
276.2845,113.93799999999999
277.153,113.28550000000001
277.27,113.3845
277.396,113.52850000000001
273.571,109.80250000000001
274.3315,110.7475
277.0765,111.274
274.84000000000003,109.73949999999999
276.523,112.47550000000001
277.0045,112.02550000000002
273.8005,109.64949999999999
271.573,108.4615
273.0895,109.60899999999998
272.806,109.48750000000001
272.464,109.33449999999999
272.48199999999997,108.8125
271.8745,108.52000000000001
270.8395,107.7775
278.3275,113.5015
278.03499999999997,113.6455
279.808,115.3015
274.336,111.5215
273.0355,109.17699999999999
275.371,110.1265
70.0,238.183
70.0,235.798
70.0,233.55700000000002
70.0,231.091
71.6875,228.679
70.0,233.81349999999998
71.836,232.8865
70.0,234.50650000000002
256.2505,84.346
183.6565,198.934
179.7775,199.5865
183.5575,196.279
100.42,208.744
99.997,200.3515
102.256,202.048
101.89599999999999,204.6085
103.003,205.5805
212.8345,128.9275
214.441,123.118
98.4805,200.032
98.7235,202.102
95.641,201.2155
96.7975,200.0365
241.108,139.066
140.209,184.03
129.067,186.8785
130.1875,181.0105
127.80700000000002,179.836
131.1415,180.907
139.174,176.884
141.8155,179.116
143.6515,180.277
140.29000000000002,175.0075
138.121,180.03400000000002
139.20999999999998,174.0085
137.131,177.81099999999998
140.137,176.4475
141.21249999999998,168.14499999999998
146.4955,172.2265
148.147,171.60999999999999
130.3,183.70600000000002
137.0365,175.0255
135.7135,176.245
139.2505,172.4785
138.9805,171.41649999999998
131.70850000000002,178.8505
132.06400000000002,177.973
130.651,179.1475
132.163,173.29749999999999
132.10449999999997,171.7495
138.26500000000001,182.968
259.4635,89.3275
255.33249999999998,88.0495
255.66999999999996,89.1565
144.16,138.5485
119.70250000000001,170.3725
117.2185,172.71699999999998
189.619,99.934
191.58100000000002,95.965
155.6575,168.8965
157.45749999999998,172.92849999999999
163.7575,172.2265
156.058,177.73000000000002
137.329,155.9275
85.399,254.87800000000004
259.60749999999996,91.3615
261.223,92.8015
198.95649999999998,85.939
200.32,85.79050000000001
200.3605,87.8965
203.6995,143.431
206.143,145.222
209.986,145.393
251.73249999999996,98.89
251.728,99.5335
81.94749999999999,230.965
76.093,229.093
218.995,86.2945
220.0975,87.37450000000001
82.987,230.4385
81.3445,227.43699999999998
174.724,179.935
172.2175,179.07999999999998
173.6485,181.6315
221.8885,143.41750000000002
217.1005,149.704
202.86249999999998,70.0
204.226,70.0
278.3275,113.99200000000002
128.203,180.6685
202.543,79.468
195.91899999999998,81.59649999999999
194.4385,80.017
187.207,88.2745
184.42600000000002,89.44
188.053,91.807
196.7875,78.2485
198.853,76.63300000000001
199.051,77.344
196.11249999999998,79.765
195.721,80.18350000000001
196.477,79.4995
195.307,111.3415
195.2755,113.95150000000001
196.5625,125.29599999999999
211.7905,130.7455
208.51899999999998,131.056
190.10500000000002,137.5675
219.2785,105.0325
211.0885,105.97300000000001
224.287,112.98399999999998
208.0195,113.749
205.9315,108.025
217.2895,111.7465
219.9175,100.8295
209.869,108.38049999999998
199.852,111.19299999999998
223.045,107.18799999999999
227.38750000000002,106.6165
225.088,103.597
224.8675,104.839
192.022,121.55199999999999
220.48450000000003,111.4675
129.103,162.9025
122.1325,162.1555
134.1205,154.98250000000002
130.6285,154.70350000000002
129.121,158.407
126.3175,164.0995
123.59049999999999,159.60399999999998
130.3,151.39600000000002
119.9185,162.151
130.4035,149.01999999999998
132.9415,145.03300000000002
119.6575,166.183
105.316,264.265
103.92999999999999,261.4705
115.1575,265.87149999999997
114.59949999999998,261.7315
124.23399999999998,268.09450000000004
124.99450000000002,267.9505
108.6235,262.1725
89.143,251.23749999999995
90.8035,252.51099999999997
127.28049999999999,269.9305
127.61349999999999,267.118
112.5385,272.86
121.88499999999999,265.5385
117.97449999999998,264.1795
92.7565,251.38150000000002
93.373,253.51
197.5345,74.3875
194.353,75.463
201.1345,71.08
202.462,70.0
106.22050000000002,263.6485
78.65350000000001,218.455
70.0,213.19
70.0,214.36450000000002
70.0,212.929
70.0,217.25799999999998
78.199,221.119
76.912,226.3615
73.87,225.16
70.0,216.952
70.0,215.7235
70.0,222.50050000000002
70.0,224.48950000000002
70.0,226.37949999999998
71.161,224.49849999999998
73.816,230.668
70.0,212.722
70.0,214.333
70.0,227.9905
222.9145,100.654
216.92499999999998,103.1425
207.268,96.3475
221.3845,99.358
224.7055,99.0295
222.9055,90.439
221.6365,94.25049999999999
221.02,92.66650000000001
221.93349999999998,89.8945
222.83350000000002,92.779
220.1335,95.1505
212.911,97.495
212.8615,91.1545
225.14649999999997,93.571
224.764,94.291
217.5505,94.9255
215.026,89.377
217.77100000000002,90.61449999999999
219.2245,100.8655
219.80949999999999,91.46950000000001
197.602,85.65549999999999
194.452,88.4005
131.29000000000002,244.70349999999996
129.013,240.31600000000003
267.361,97.3285
267.0145,96.766
238.55200000000002,97.52199999999999
237.0895,95.875
237.841,95.13250000000001
235.5865,94.35400000000001
235.24900000000002,93.652
240.98199999999997,95.7355
236.5405,92.419
234.187,91.46950000000001
233.59749999999997,95.42500000000001
233.84950000000003,90.745
230.0245,93.5755
237.32349999999997,97.693
229.6735,92.86449999999999
230.36200000000002,96.4105
231.136,95.78049999999999
234.94299999999998,100.168
237.39099999999996,99.97
235.04200000000003,98.4625
238.98400000000004,97.5355
239.88400000000001,98.3095
242.10699999999997,100.294
240.54999999999995,98.6605
240.09550000000002,97.702
237.72850000000005,98.5795
238.813,100.096
236.27499999999998,95.776
234.673,92.5135
232.51299999999998,91.89699999999999
239.1415,94.86250000000001
239.99649999999997,100.0465
238.63299999999998,98.0395
230.0965,91.4245
228.49,93.481
226.56400000000002,93.319
230.407,94.3405
230.7265,94.975
233.52549999999997,89.6875
235.43349999999998,90.5515
238.59699999999998,91.93299999999999
231.523,96.5455
96.811,196.4545
94.831,196.7425
129.7645,177.3835
128.662,177.4645
132.35649999999998,175.336
70.0,205.702
70.0,208.114
99.5875,174.7825
94.759,180.583
79.828,190.77100000000002
70.0,222.4915
263.1085,91.303
77.641,192.9715
73.2445,195.5905
72.5425,195.415
72.7495,195.32500000000002
85.768,187.5715
86.9245,185.947
91.1455,184.4845
70.0,222.0505
263.7205,91.8295
262.9015,90.556
261.2455,89.0395
267.5365,95.76249999999999
265.048,93.283
271.006,98.6965
273.08500000000004,100.7035
265.273,93.256
298.1815,125.78200000000001
299.76099999999997,127.43350000000001
320.6545,148.37650000000002
313.6615,141.3025
293.4115,121.993
298.9015,126.46600000000001
295.10350000000005,123.46449999999999
79.333,197.665
78.97749999999999,198.7225
76.345,200.2705
89.6155,200.869
93.715,208.6495
87.811,204.62650000000002
92.94550000000001,205.972
85.36749999999999,207.349
91.96000000000001,208.75300000000001
91.348,207.25900000000001
90.2365,205.846
96.3655,193.59250000000003
93.706,198.772
100.3255,194.8885
99.6505,206.7055
97.207,206.5795
98.8405,192.46750000000003
97.13499999999999,198.844
80.989,203.77149999999997
77.89750000000001,204.2305
91.87,202.57
93.7465,192.82299999999998
92.38749999999999,192.76
99.42999999999999,196.9945
212.56900000000002,155.1805
211.7905,152.7235
264.3595,101.2165
251.7955,104.5195
258.424,90.4975
168.496,131.89749999999998
113.93349999999998,229.201
121.96600000000001,226.64049999999997
119.0455,231.757
117.43,224.20600000000002
129.82750000000001,250.738
131.01999999999998,247.39
144.223,264.868
136.0285,270.4435
138.409,266.54650000000004
112.6465,222.6445
114.60849999999999,240.262
128.01850000000002,259.756
121.642,215.2015
118.8835,219.148
138.75099999999998,255.625
134.4445,251.74149999999997
136.06,256.7455
187.3105,102.19749999999999
249.3655,99.142
248.1685,98.0035
248.99200000000002,98.24199999999999
246.14350000000002,98.0575
249.10900000000004,102.4945
245.563,97.7965
248.53300000000002,98.989
248.15049999999997,99.898
249.2575,100.97800000000001
250.57600000000002,101.653
248.587,100.132
246.57100000000003,102.8005
250.75150000000002,103.94800000000001
251.64250000000004,104.3665
248.074,102.9445
251.2015,103.1335
251.35450000000003,102.00399999999999
252.50650000000002,103.525
252.61900000000003,103.804
253.50549999999998,104.44749999999999
249.83799999999997,100.114
253.25350000000003,103.7995
249.52750000000003,104.092
252.79449999999997,103.5295
249.45100000000002,102.03999999999999
180.5695,191.887
173.79250000000002,185.371
142.0045,246.15700000000004
157.16500000000002,241.8775
172.159,259.594
163.672,252.6685
174.139,257.488
149.0965,259.25199999999995
148.84,261.493
154.24450000000002,263.464
165.3235,268.765
154.195,246.25150000000002
169.243,259.7875
149.12349999999998,248.19549999999998
168.24849999999998,252.601
171.80349999999999,251.4805
162.4435,268.9315
144.02499999999998,256.52049999999997
251.29149999999998,78.3925
165.868,111.2695
204.62199999999999,75.4945
182.707,133.846
183.913,140.92000000000002
103.53399999999999,253.52800000000002
167.2945,117.15100000000001
285.0685,116.6695
285.829,117.39850000000001
70.0,218.6395
70.0,220.381
235.195,124.89999999999998
238.12900000000002,124.6345
74.4055,222.70299999999997
74.995,217.78000000000003
79.9315,215.179
180.54250000000002,95.65899999999999
177.991,98.881
182.338,100.1995
183.1795,94.4665
180.2455,99.8485
193.4215,96.6805
191.7115,99.511
197.3365,103.8895
179.1295,115.684
183.0985,111.47649999999999
188.296,101.4865
184.93900000000002,101.2705
182.15349999999998,105.95499999999998
181.402,104.38
191.1895,101.7115
279.799,113.85249999999999
180.2275,194.23149999999998
171.3085,199.77100000000002
196.4095,211.86700000000002
174.0625,185.524
195.973,201.0445
149.75799999999998,130.8265
171.079,113.81650000000002
91.6315,177.469
102.2245,168.748
70.0,217.87449999999998
126.34899999999999,141.60399999999998
218.04999999999998,110.41
123.00549999999998,156.247
175.876,164.356
177.0865,166.129
177.595,165.84550000000002
176.14600000000002,167.09199999999998
176.308,167.6905
180.1195,168.83350000000002
179.5255,169.2565
180.916,169.0945
182.059,170.494
181.312,169.603
182.797,171.5605
180.33100000000002,171.493
181.8835,171.24099999999999
180.601,171.7225
182.2255,171.68200000000002
180.988,172.5865
179.20600000000002,172.321
176.1415,166.2775
175.525,167.8795
175.291,168.253
183.73749999999998,169.8235
178.1305,168.1855
180.7945,164.464
180.664,171.3535
181.132,171.079
181.2805,171.493
181.672,170.8315
180.862,172.267
182.68,172.1995
179.0665,170.953
176.8795,168.3745
180.1465,170.584
180.934,170.053
180.619,170.32750000000001
175.58350000000002,169.11700000000002
179.116,170.584
180.5875,168.703
162.9655,132.505
158.398,135.457
145.0105,146.401
157.4485,139.0075
142.0585,138.43599999999998
161.737,130.97949999999997
149.362,146.302
153.33100000000002,136.132
149.362,132.5455
156.625,137.788
153.313,141.48250000000002
160.1125,132.847
147.445,133.4635
265.3585,104.6635
157.6555,127.75299999999999
157.8985,125.34100000000001
169.2655,116.20150000000001
172.77100000000002,113.695
174.553,111.499
167.8615,112.25049999999999
170.14749999999998,113.78049999999999
180.7855,90.475
178.6795,91.699
215.152,70.0
215.026,70.0
217.969,70.0
86.191,246.274
114.27100000000002,234.43449999999996
70.0,215.3455
70.0,219.0625
70.0,213.3385
70.0,212.299
70.0,215.9755
70.1395,214.8325
75.66550000000001,228.00400000000002
80.215,219.94
76.48,211.0345
70.0,209.9725
70.0,210.184
70.0,208.7665
70.0,215.18800000000002
70.0,234.41200000000003
70.0,218.1535
70.0,218.24800000000002
70.0,216.87550000000002
70.0,219.57549999999998
186.2575,94.4665
141.424,142.92249999999999
71.3635,235.339
72.745,237.598
152.1925,256.543
155.149,262.21750000000003
151.612,259.8685
167.4835,165.5035
117.42099999999999,150.541
118.37049999999999,149.578
117.673,150.8605
117.0565,152.3005
113.947,154.3345
131.2,136.8475
131.3665,136.6135
116.4445,151.60750000000002
119.3065,148.6915
116.8315,151.153
121.49350000000001,147.45850000000002
131.7265,136.6225
153.1735,249.019
153.394,251.53449999999998
246.12099999999998,89.69200000000001
216.75400000000002,109.04649999999998
217.1545,109.267
218.49099999999999,110.28399999999999
216.4615,112.624
216.835,110.815
217.168,111.17949999999999
215.971,111.9445
216.4975,110.4325
215.26,111.625
215.818,111.112
217.411,106.981
216.99699999999999,106.71550000000002
216.41649999999998,107.2465
217.87,107.314
214.8055,110.30199999999999
216.196,107.52099999999999
215.2105,108.34450000000001
215.98450000000003,107.7055
214.6075,108.97
214.414,109.32999999999998
213.06400000000002,109.85649999999998
214.9045,108.7045
214.9,108.03399999999999
217.7845,111.256
212.9425,112.98399999999998
218.572,108.13300000000001
116.13400000000001,168.23499999999999
152.92149999999998,141.325
196.603,73.168
197.8405,71.9755
242.34550000000002,93.769
180.214,120.5035
156.5575,144.907
173.49099999999999,170.8945
70.0,231.3115
129.166,236.5045
70.0,222.23499999999999
121.91649999999998,156.157
70.5355,235.77549999999997
242.7235,94.327
78.19,190.0735
245.1535,120.148
245.94549999999998,119.5675
247.5385,125.44900000000001
238.61950000000002,124.99900000000002
240.33399999999995,124.5445
241.50400000000002,121.8535
244.43349999999998,123.62200000000001
244.096,121.6285
247.462,122.84800000000001
246.769,121.957
247.87149999999997,117.47500000000002
245.995,122.2405
238.80849999999998,122.07400000000001
239.09199999999998,122.96950000000001
201.7645,157.06150000000002
197.7775,155.01850000000002
195.0865,147.1165
197.827,151.1035
197.161,145.10500000000002
180.04749999999999,151.1755
186.2845,151.369
203.37099999999998,135.37599999999998
200.779,134.3815
200.6305,142.78300000000002
199.303,148.4755
205.702,163.2355
98.8765,247.13799999999998
98.9215,250.6345
108.15549999999999,246.67899999999997
94.705,241.4995
98.791,243.9565
94.1875,250.5985
105.63999999999999,240.90999999999997
97.306,237.481
99.80799999999999,238.42150000000004
117.94749999999999,247.0885
111.184,243.41200000000003
113.9965,255.64300000000003
119.5495,255.337
84.598,240.88299999999998
124.0495,253.88350000000003
121.309,250.51750000000004
89.557,241.23400000000004
179.152,141.2935
178.567,142.99
177.1045,142.2835
177.6625,143.1655
176.038,144.925
175.3585,146.3515
173.284,147.1615
175.633,149.137
177.83350000000002,149.8345
176.9965,151.16649999999998
176.3665,147.3775
178.2205,153.772
177.8605,154.2265
178.5625,147.96699999999998
177.343,147.9895
174.805,145.168
181.546,145.03300000000002
179.53,143.2195
179.49849999999998,145.1275
177.136,156.472
171.9565,146.743
171.80349999999999,145.987
174.058,148.51600000000002
173.185,150.42849999999999
178.88649999999998,151.252
178.3825,144.8125
178.75150000000002,145.555
265.174,104.5735
266.9155,106.0495
268.954,108.77199999999999
268.315,107.809
269.66499999999996,108.99700000000001
265.669,104.749
267.8065,105.72999999999999
267.397,105.4825
266.6995,106.8595
265.16499999999996,105.235
266.78499999999997,107.46699999999998
264.1975,104.155
268.126,106.81
266.3665,106.1575
165.75549999999998,163.71249999999998
166.98399999999998,164.572
164.93200000000002,161.60649999999998
163.80700000000002,159.9595
167.9965,167.26749999999998
168.8515,165.2245
165.0085,165.67000000000002
161.0305,167.272
174.4405,170.431
157.87599999999998,162.97
167.434,162.3265
170.962,175.606
222.07750000000001,86.4565
223.414,84.1165
225.09250000000003,82.348
154.29399999999998,140.07850000000002
150.1405,141.829
153.5335,143.188
151.08100000000002,154.0645
151.369,147.0805
144.565,144.313
146.7565,142.378
148.63299999999998,139.0795
153.7045,147.0625
153.214,136.6765
146.0815,147.28750000000002
145.77100000000002,155.149
144.9835,149.497
148.138,137.8465
150.316,150.1945
149.3125,148.363
165.886,151.8415
177.757,139.183
177.6445,139.7905
176.749,140.353
176.5555,138.96249999999998
176.0515,139.72750000000002
175.147,140.74450000000002
178.099,137.6755
174.2605,141.9685
172.8475,144.4975
175.0075,142.39600000000002
166.16500000000002,151.33300000000003
167.416,147.787
168.433,146.83749999999998
169.9315,146.1085
167.038,149.19549999999998
166.1155,146.203
164.5855,148.0795
167.6095,146.27050000000003
169.4185,142.79649999999998
171.93849999999998,140.64550000000003
171.0385,143.197
167.2585,143.8
163.4425,146.7475
168.253,144.4255
166.95250000000001,142.648
166.2595,143.107
166.12,142.459
164.743,150.00549999999998
164.2435,149.668
165.84550000000002,150.48250000000002
166.58350000000002,150.9595
166.012,143.53
166.012,144.2185
165.04000000000002,143.629
186.64000000000001,169.72
190.1815,170.935
261.8035,88.9945
214.7335,91.73949999999999
254.51350000000002,82.267
250.6255,78.8335
172.4335,126.952
177.5815,122.27199999999999
167.0515,126.7585
169.1125,124.95400000000001
170.9035,122.09199999999998
185.4475,129.57999999999998
185.4925,117.58749999999998
186.874,115.71550000000002
188.2285,139.30450000000002
191.3695,137.14000000000001
183.13,119.96350000000001
186.721,119.05000000000001
179.872,120.39100000000002
170.494,134.692
173.392,141.2845
174.1525,139.678
172.8835,140.54199999999997
171.33100000000002,136.3615
173.8825,139.2865
174.3685,140.074
174.787,139.7095
174.5125,139.2505
168.1765,140.254
169.4005,141.66250000000002
167.5645,138.6205
173.671,137.9095
174.724,136.699
157.507,144.5695
160.22050000000002,140.8165
161.5165,141.5725
162.556,142.207
163.8025,139.2865
164.36950000000002,138.28750000000002
166.41250000000002,136.3615
175.858,137.635
174.60250000000002,138.4675
277.0765,105.172
273.5395,101.581
196.036,120.12100000000001
198.304,118.43799999999999
172.0555,165.49450000000002
171.94299999999998,167.0695
145.98250000000002,168.586
147.778,167.4745
215.2015,82.48750000000001
217.618,81.43
256.2595,91.82050000000001
254.8555,91.0015
166.399,170.25099999999998
105.7525,258.928
249.16750000000002,98.72800000000001
191.9005,101.92750000000001
199.36599999999999,97.072
158.452,163.4965
120.77799999999999,175.849
107.92599999999999,251.28249999999997
215.6515,87.4285
121.174,166.813
282.454,114.2935
282.17499999999995,113.542
243.142,99.16
241.72899999999998,98.7685
194.36200000000002,78.0595
195.8785,78.7975
240.199,120.14350000000002
187.585,129.0085
276.7615,106.05850000000001
223.99,112.02100000000002
221.911,111.88150000000002
174.39999999999998,165.8905
201.0895,102.265
198.52,98.75049999999999
161.566,163.4695
211.0795,70.0
214.216,70.0
211.74099999999999,70.0
111.0445,171.8125
124.62100000000001,151.108
229.34499999999997,111.91300000000001
110.10400000000001,256.0165
141.325,170.7055
160.9765,160.22050000000002
196.64350000000002,76.9255
151.666,128.26600000000002
159.3475,159.388
222.1945,114.04599999999999
266.08299999999997,93.3685
121.57900000000001,166.31349999999998
120.91300000000001,160.0405
132.424,154.897
247.1155,139.0795
135.20499999999998,173.76999999999998
136.7665,173.086
134.62,171.93849999999998
136.06,170.7865
155.887,112.084
182.2255,166.921
111.77800000000002,157.183
125.4445,237.14800000000002
126.24549999999999,234.3265
127.06,183.13
250.108,86.542
252.51099999999997,87.2755
253.4515,87.93700000000001
254.63049999999998,88.693
252.8395,86.48349999999999
252.7405,86.6725
253.99149999999997,87.32050000000001
251.00799999999998,85.4395
250.08550000000002,85.96600000000001
251.59299999999996,86.713
252.47050000000002,88.108
252.44349999999997,89.368
253.39300000000003,90.67750000000001
249.3385,86.37549999999999
250.92700000000002,87.8695
245.3605,83.9095
237.93550000000005,74.84649999999999
241.25199999999995,75.184
237.00850000000003,72.3985
238.435,71.6605
232.9495,70.0
247.1155,81.295
250.81449999999995,83.626
250.558,84.499
251.62,87.721
254.40549999999996,89.503
239.98749999999995,84.2695
244.348,85.79050000000001
243.87099999999998,88.3285
252.01599999999996,85.21000000000001
252.601,85.201
248.60950000000003,84.751
215.6515,141.469
201.5845,172.9105
195.3295,170.04399999999998
171.1375,161.8675
90.36250000000001,237.26049999999998
143.5165,252.61900000000003
137.3245,251.21950000000004
143.6245,173.37400000000002
147.5665,174.74200000000002
145.1635,177.901
237.44050000000004,116.72800000000001
241.0405,116.8765
241.78750000000002,107.35899999999998
240.66250000000002,106.65700000000001
201.52149999999997,70.0
119.6575,175.7815
202.651,70.0
123.37899999999999,152.5075
124.981,153.08350000000002
131.8345,237.11649999999997
216.601,131.695
207.7945,137.59
245.572,130.8625
239.64099999999996,130.48000000000002
232.288,141.00549999999998
244.26250000000005,147.8095
230.614,147.373
220.7905,137.14000000000001
216.043,134.143
216.16,137.644
224.88549999999998,129.184
222.0685,124.405
217.4425,122.18200000000002
220.6285,126.7765
222.5725,131.4565
210.454,138.5845
216.34,126.66399999999999
219.6925,129.31
237.17950000000002,135.58749999999998
124.53550000000001,143.683
176.5735,94.642
127.00150000000002,193.768
125.21950000000001,190.4335
123.451,195.2755
268.7065,107.35
268.2655,106.50399999999999
268.6975,107.34550000000002
269.0665,107.92599999999999
181.4335,91.87
183.99849999999998,88.17999999999999
130.2145,200.671
213.7525,77.3305
70.0,226.2985
70.0,226.5055
243.47050000000002,111.1705
158.4025,164.8465
157.327,166.2235
118.27600000000001,185.092
204.082,100.9645
155.221,159.244
221.506,114.09100000000001
165.6295,156.652
219.61599999999999,114.18549999999999
304.0405,132.10000000000002
121.66899999999998,200.31099999999998
272.47749999999996,102.40899999999999
271.60450000000003,102.3235
274.65999999999997,105.2485
267.34299999999996,97.774
270.0385,99.88
271.19050000000004,101.5675
269.0665,99.13749999999999
269.0755,99.781
269.1925,98.422
268.7155,97.69749999999999
268.6795,97.39150000000001
276.613,105.0235
270.439,98.90350000000001
271.9645,100.168
267.829,99.493
266.578,98.62899999999999
270.12850000000003,101.815
270.3895,102.166
270.9385,102.8095
266.47450000000003,95.155
267.0235,95.92
272.6755,103.102
270.01599999999996,101.20750000000001
268.15749999999997,98.539
266.43399999999997,96.946
269.908,99.295
269.5615,99.0655
268.01800000000003,96.811
99.25450000000001,222.89649999999997
80.7415,220.435
82.73949999999999,222.85600000000002
133.927,148.993
108.9205,177.8155
205.6165,207.81699999999998
261.6235,90.24549999999999
78.856,235.6585
80.3455,237.8365
79.99000000000001,239.88400000000001
80.638,242.13400000000001
161.45350000000002,189.2545
107.51650000000001,221.173
296.30949999999996,124.00900000000001
115.5805,152.9845
275.443,102.51249999999999
272.1535,99.36250000000001
231.892,109.213
122.857,243.79449999999997
128.4235,164.36950000000002
106.351,235.88799999999998
109.1095,236.716
106.8955,231.244
128.0365,185.254
126.457,182.167
229.6645,106.7065
230.45649999999998,104.722
200.4865,109.4245
100.0645,240.88299999999998
112.3315,178.1575
100.0195,183.958
103.1335,182.185
97.342,188.359
123.406,169.441
116.59299999999999,176.52849999999998
264.058,107.5075
157.98399999999998,133.7155
157.56099999999998,132.334
157.41250000000002,134.881
159.56799999999998,131.0155
158.7535,134.0845
155.941,133.4905
167.35750000000002,128.6395
213.79749999999999,143.2825
248.26750000000004,119.38299999999998
90.1285,228.07150000000001
94.4755,228.9085
94.786,186.847
90.5785,187.774
302.6095,130.37650000000002
253.19050000000004,80.557
92.914,236.5045
88.288,234.62349999999998
188.5435,84.238
230.56900000000002,80.2915
135.799,166.9435
179.944,158.8255
183.10750000000002,156.9085
178.747,160.423
180.502,160.04500000000002
179.5345,159.334
180.9475,161.386
181.18599999999998,154.987
179.224,161.20600000000002
176.8075,161.8945
177.2755,160.89100000000002
178.486,162.64600000000002
187.11249999999998,160.83249999999998
176.7535,162.9835
188.422,163.51
185.6185,151.873
187.9405,159.721
187.9765,161.143
188.5885,157.03
187.99,162.3085
186.3475,155.2885
185.09650000000002,156.409
178.6885,117.844
184.2145,114.48250000000002
180.97,116.29599999999999
211.6645,85.6195
125.62899999999999,149.731
174.79149999999998,159.10449999999997
191.69799999999998,168.6895
193.156,169.558
202.80849999999998,70.0
118.267,241.36
117.65050000000002,251.1295
166.3945,132.91
196.7245,180.142
195.244,182.041
196.945,183.589
225.3175,114.51400000000001
227.365,114.5635
114.2305,190.0555
245.02300000000002,111.68799999999999
243.817,111.60249999999999
250.76049999999998,97.5985
250.79650000000004,97.6615
250.83249999999998,97.7515
250.89549999999997,97.882
250.92700000000002,97.9495
251.84499999999997,98.485
251.8945,98.5885
251.70100000000002,97.90899999999999
251.548,97.58500000000001
249.94150000000002,95.884
249.9685,95.947
249.9955,96.0055
250.387,96.838
250.279,96.5995
250.45899999999995,97.243
250.54899999999998,97.44550000000001
250.85500000000002,97.4545
251.32299999999998,97.8055
250.5265,97.1215
250.63,96.37899999999999
248.938,94.237
249.6085,95.0155
249.03249999999997,94.2775
249.56799999999998,94.58349999999999
249.5455,94.4485
249.7165,94.5205
249.66250000000002,95.137
249.87400000000002,94.57000000000001
249.70749999999998,95.2225
249.49149999999997,94.759
249.06849999999997,94.1515
249.49599999999998,94.309
249.6175,95.488
249.94150000000002,95.632
248.62300000000005,92.914
248.83000000000004,92.89599999999999
248.4205,92.7205
249.35649999999998,93.06700000000001
249.1585,93.958
249.1945,94.048
248.91999999999996,93.4765
248.78049999999996,93.17500000000001
250.4275,95.4115
250.50850000000003,95.5915
250.55349999999999,95.67699999999999
250.5895,95.76249999999999
250.64350000000002,95.884
250.279,94.822
250.7695,95.0605
251.93949999999995,95.6545
251.31849999999997,95.3305
253.6495,94.939
252.73149999999998,94.5385
254.51800000000003,97.0765
252.26350000000002,97.8595
251.94849999999997,96.856
254.06349999999998,97.4905
255.238,99.142
255.89049999999997,99.286
255.32349999999997,98.089
254.4955,98.7415
254.06799999999998,98.90350000000001
251.8225,91.9915
248.46999999999997,91.9825
255.07150000000001,98.809
249.82,91.42
251.28249999999997,98.06649999999999
251.43550000000005,97.3285
251.04399999999998,96.50049999999999
249.70749999999998,93.8185
251.1205,95.866
250.89999999999998,95.3485
251.80899999999997,98.12950000000001
251.62,97.738
250.16200000000003,96.34299999999999
252.56050000000005,98.48949999999999
250.9855,97.1575
249.901,95.7715
252.493,96.172
138.6925,169.531
194.011,85.759
195.48700000000002,84.994
189.6865,89.34100000000001
190.96,87.1315
191.851,88.4005
192.157,86.839
190.942,85.40350000000001
193.55200000000002,85.38550000000001
190.7125,89.00800000000001
188.87650000000002,89.3185
228.283,96.676
228.5305,95.14599999999999
237.35950000000003,89.3365
216.7675,108.0925
189.9655,80.6425
249.20349999999996,82.15
245.90500000000003,79.69749999999999
117.89350000000002,185.281
121.90299999999999,179.962
120.8905,183.2965
122.245,181.6225
204.85600000000002,101.0995
173.15800000000002,165.50799999999998
172.4695,164.1535
173.83749999999998,163.60449999999997
105.53200000000001,251.91700000000003
256.2415,95.182
253.56849999999997,91.8565
279.29499999999996,109.13650000000001
281.995,111.93099999999998
219.5935,113.84800000000001
219.31449999999998,111.6115
219.9085,112.2595
220.651,112.3765
123.83350000000002,200.58100000000002
118.92849999999999,196.7875
122.09199999999998,196.054
121.89850000000001,197.4805
301.03000000000003,128.0905
296.6605,124.207
294.2215,121.9975
122.42500000000001,172.177
124.2475,171.07
99.3805,212.42499999999998
94.957,204.424
94.7365,205.09
95.7715,207.493
95.2765,202.7185
70.0,218.99949999999998
70.0,216.8665
150.44650000000001,234.286
70.0,224.6155
70.0,223.20250000000001
70.0,224.87199999999999
70.0,225.6325
70.0,226.69
70.0,223.945
184.984,168.154
183.2155,170.7955
182.15349999999998,158.3305
182.2255,159.685
143.602,166.8625
177.32500000000002,116.0575
190.996,107.55700000000002
185.6815,107.67849999999999
182.5405,114.21699999999998
180.277,114.00549999999998
154.01500000000001,128.10399999999998
121.28649999999999,242.5435
128.26600000000002,166.84
225.92499999999998,95.9785
83.4865,191.4865
85.2685,189.835
250.26099999999997,98.8765
247.1875,112.77250000000001
246.7015,114.6985
245.87800000000004,116.071
246.0265,114.856
245.3245,115.08100000000002
244.52800000000002,115.36000000000001
243.9115,115.864
276.424,103.669
177.5005,97.72900000000001
246.49900000000002,108.46600000000001
175.309,101.94999999999999
173.7475,103.7365
125.143,178.666
121.363,177.694
124.32850000000002,176.4475
187.2475,85.63300000000001
134.926,167.668
175.012,176.848
199.82049999999998,179.71
202.21,180.0655
200.5135,177.46
203.4115,178.3825
128.5585,146.94549999999998
185.3215,91.9915
192.5305,177.0325
192.895,175.3585
204.7525,70.0
247.1515,97.8775
176.5555,120.94900000000001
232.55349999999999,78.082
234.29499999999996,75.562
115.40949999999998,188.31400000000002
117.601,189.57399999999998
114.6985,191.626
116.809,190.861
123.97300000000001,264.6205
120.22,260.602
123.577,261.90250000000003
124.87299999999999,262.1095
80.863,235.12300000000005
86.7715,236.707
123.964,173.3245
124.756,174.18849999999998
122.92000000000002,175.3945
171.48399999999998,105.70750000000001
169.738,106.53550000000001
117.29050000000001,200.5225
114.2575,198.87099999999998
